QP(12,10)a  685.278476 0.000021 0.000021 0 0 0 0 0 0 12 10 a  E"  2 1
 QP(13,6)a  686.391684 0.000041 0.000041 0 0 0 0 0 0 13  6 a A2"  3 1
 QP(13,5)a  688.841003 0.000079 0.000079 0 0 0 0 0 0 13  5 a  E'  6 1
 QP(13,4)a  690.766549 0.000086 0.000086 0 0 0 0 0 0 13  4 a  E"  7 1
 QP(13,3)a  692.231411 0.000058 0.000058 0 0 0 0 0 0 13  3 a A2'  4 1
 QP(13,2)a  693.229939 0.000110 0.000110 0 0 0 0 0 0 13  2 a  E"  8 1
 QP(13,1)a  693.810004 0.000164 0.000164 0 0 0 0 0 0 13  1 a  E'  9 1
 QP(12,8)a  695.790587 0.000022 0.000022 0 0 0 0 0 0 12  8 a  E"  3 1
 QP(12,7)a  699.724260 0.000023 0.000023 0 0 0 0 0 0 12  7 a  E'  4 1
 QP(12,5)a  705.531578 0.000029 0.000029 0 0 0 0 0 0 12  5 a  E'  5 1
 QP(12,4)a  707.566322 0.000031 0.000031 0 0 0 0 0 0 12  4 a  E"  6 1
 QP(12,3)a  709.088776 0.000016 0.000016 0 0 0 0 0 0 12  3 a A2'  4 1
 QP(12,2)a  710.165449 0.000036 0.000036 0 0 0 0 0 0 12  2 a  E"  7 1
 QP(12,1)a  710.787047 0.000032 0.000032 0 0 0 0 0 0 12  1 a  E'  8 1
 QP(12,0)a  711.021589 0.000019 0.000019 0 0 0 0 0 0 12  0 a A2"  5 1
QQ(19,19)a  879.320813 0.000750 0.000750 0 0 0 0 0 0 19 19 a NaN  0 0
QQ(18,18)a  885.210252 0.000074 0.000074 0 0 0 0 0 0 18 18 a A2"  1 1
QQ(17,17)a  890.690236 0.000048 0.000048 0 0 0 0 0 0 17 17 a  E'  1 1
QQ(19,18)a  892.858407 0.000455 0.000455 0 0 0 0 0 0 19 18 a A2"  1 1
QQ(16,16)a  895.773561 0.000020 0.000020 0 0 0 0 0 0 16 16 a  E"  1 1
QQ(18,17)a  897.605647 0.000304 0.000304 0 0 0 0 0 0 18 17 a  E'  1 1
QQ(17,16)a  902.014116 0.000093 0.000093 0 0 0 0 0 0 17 16 a  E"  2 1
QQ(16,15)a  906.091976 0.000019 0.000019 0 0 0 0 0 0 16 15 a A2'  1 1
QQ(15,14)a  909.848121 0.000015 0.000015 0 0 0 0 0 0 15 14 a  E"  1 1
QQ(17,15)a  911.276057 0.000090 0.000090 0 0 0 0 0 0 17 15 a A2'  1 1
QQ(16,14)a  914.556284 0.000070 0.000070 0 0 0 0 0 0 16 14 a  E"  2 1
QQ(15,13)a  917.559271 0.000029 0.000029 0 0 0 0 0 0 15 13 a  E'  2 1
QQ(16,13)a  921.515400 0.000146 0.000146 0 0 0 0 0 0 16 13 a  E'  3 1
QQ(15,12)a  923.914070 0.000026 0.000026 0 0 0 0 0 0 15 12 a A2"  2 1
QQ(14,11)a  926.067820 0.000021 0.000021 0 0 0 0 0 0 14 11 a  E'  3 1
QQ(16,12)a  927.252432 0.000132 0.000132 0 0 0 0 0 0 16 12 a A2"  2 1
QQ(14,10)a  930.843124 0.000038 0.000038 0 0 0 0 0 0 14 10 a  E"  4 1
 QQ(14,9)a  934.790753 0.000032 0.000032 0 0 0 0 0 0 14  9 a A2'  2 1
 QQ(13,8)a  935.850507 0.000026 0.000026 0 0 0 0 0 0 13  8 a  E"  4 1
 QQ(12,7)a  936.678546 0.000013 0.000013 0 0 0 0 0 0 12  7 a  E'  4 1
 QQ(15,9)a  937.099720 0.000173 0.000173 0 0 0 0 0 0 15  9 a A2'  3 1
 QQ(14,8)a  938.049200 0.000122 0.000122 0 0 0 0 0 0 14  8 a  E"  5 1
 QQ(13,7)a  938.770722 0.000044 0.000044 0 0 0 0 0 0 13  7 a  E'  5 1
 QQ(12,6)a  939.256456 0.000011 0.000011 0 0 0 0 0 0 12  6 a A2"  3 1
  QQ(8,1)a  939.263650 0.000016 0.000016 0 0 0 0 0 0  8  1 a  E'  6 1
 QQ(11,5)a  939.496240 0.000011 0.000011 0 0 0 0 0 0 11  5 a  E'  5 1
 QQ(15,8)a  940.071383 0.000335 0.000335 0 0 0 0 0 0 15  8 a  E"  5 1
 QQ(14,7)a  940.727137 0.000181 0.000181 0 0 0 0 0 0 14  7 a  E'  6 1
  QQ(9,1)a  940.836079 0.000041 0.000041 0 0 0 0 0 0  9  1 a  E'  6 1
 QQ(13,6)a  941.147791 0.000038 0.000038 0 0 0 0 0 0 13  6 a A2"  3 1
 QQ(11,4)a  941.237766 0.000019 0.000019 0 0 0 0 0 0 11  4 a  E"  6 1
 QQ(12,5)a  941.322418 0.000036 0.000036 0 0 0 0 0 0 12  5 a  E'  5 1
 QQ(10,2)a  941.850922 0.000029 0.000029 0 0 0 0 0 0 10  2 a  E"  6 1
 QQ(10,1)a  942.419259 0.000124 0.000124 0 0 0 0 0 0 10  1 a  E'  7 1
 QQ(15,7)a  942.516156 0.000617 0.000617 0 0 0 0 0 0 15  7 a  E'  6 1
 QQ(11,3)a  942.565813 0.000019 0.000019 0 0 0 0 0 0 11  3 a A2'  3 1
 QQ(12,4)a  942.938391 0.000067 0.000067 0 0 0 0 0 0 12  4 a  E"  6 1
 QQ(11,2)a  943.450696 0.000087 0.000087 0 0 0 0 0 0 11  2 a  E"  7 1
 QQ(11,1)a  943.976204 0.000325 0.000325 0 0 0 0 0 0 11  1 a  E'  8 1
 QQ(12,3)a  944.114419 0.000056 0.000056 0 0 0 0 0 0 12  3 a A2'  4 1
 QQ(13,4)a  944.547169 0.000252 0.000252 0 0 0 0 0 0 13  4 a  E"  7 1
 QQ(14,5)a  944.662057 0.000550 0.000550 0 0 0 0 0 0 14  5 a  E'  7 1
 QQ(12,2)a  944.991869 0.000332 0.000332 0 0 0 0 0 0 12  2 a  E"  7 1
 QQ(13,3)a  945.724784 0.000329 0.000329 0 0 0 0 0 0 13  3 a A2'  4 1
QR(13,13)a 1189.773945 0.000019 0.000019 0 0 0 0 0 0 13 13 a  E'  1 1
 QR(12,5)a 1195.536101 0.000014 0.000014 0 0 0 0 0 0 12  5 a  E'  5 1
 QR(12,4)a 1196.718643 0.000015 0.000015 0 0 0 0 0 0 12  4 a  E"  6 1
 QR(12,2)a 1198.208516 0.000016 0.000016 0 0 0 0 0 0 12  2 a  E"  7 1
 QR(12,1)a 1198.529511 0.000017 0.000017 0 0 0 0 0 0 12  1 a  E'  8 1
QR(13,11)a 1200.541153 0.000017 0.000017 0 0 0 0 0 0 13 11 a  E'  2 1
QR(13,10)a 1204.473634 0.000019 0.000019 0 0 0 0 0 0 13 10 a  E"  3 1
QR(14,14)a 1205.875011 0.000045 0.000045 0 0 0 0 0 0 14 14 a  E"  1 1
 QR(13,8)a 1210.282968 0.000027 0.000027 0 0 0 0 0 0 13  8 a  E"  4 1
QR(14,13)a 1212.355607 0.000039 0.000039 0 0 0 0 0 0 14 13 a  E'  2 1
 QR(13,7)a 1212.396026 0.000033 0.000033 0 0 0 0 0 0 13  7 a  E'  5 1
 QR(13,6)a 1214.096699 0.000018 0.000018 0 0 0 0 0 0 13  6 a A2"  3 1
 QR(13,5)a 1215.447207 0.000043 0.000043 0 0 0 0 0 0 13  5 a  E'  6 1
 QR(13,4)a 1216.495178 0.000049 0.000049 0 0 0 0 0 0 13  4 a  E"  7 1
 QR(13,3)a 1217.265878 0.000026 0.000026 0 0 0 0 0 0 13  3 a A2'  4 1
QR(14,12)a 1217.606827 0.000022 0.000022 0 0 0 0 0 0 14 12 a A2"  1 1
 QR(13,2)a 1217.814255 0.000055 0.000055 0 0 0 0 0 0 13  2 a  E"  8 1
 QR(13,1)a 1218.038981 0.000063 0.000063 0 0 0 0 0 0 13  1 a  E'  9 1
QR(15,15)a 1221.627784 0.000054 0.000054 0 0 0 0 0 0 15 15 a A2'  1 1
QR(14,11)a 1221.869262 0.000052 0.000052 0 0 0 0 0 0 14 11 a  E'  3 1
QR(14,10)a 1225.334573 0.000063 0.000063 0 0 0 0 0 0 14 10 a  E"  4 1
 QR(14,9)a 1228.154360 0.000039 0.000039 0 0 0 0 0 0 14  9 a A2'  2 1
QR(15,14)a 1228.679162 0.000088 0.000088 0 0 0 0 0 0 15 14 a  E"  1 1
 QR(14,8)a 1230.447206 0.000095 0.000095 0 0 0 0 0 0 14  8 a  E"  5 1
 QR(14,7)a 1232.305019 0.000105 0.000105 0 0 0 0 0 0 14  7 a  E'  6 1
 QR(14,6)a 1233.799414 0.000069 0.000069 0 0 0 0 0 0 14  6 a A2"  3 1
QR(15,13)a 1234.367529 0.000112 0.000112 0 0 0 0 0 0 15 13 a  E'  2 1
 QR(14,5)a 1234.986124 0.000169 0.000169 0 0 0 0 0 0 14  5 a  E'  7 1
 QR(14,4)a 1235.907050 0.000154 0.000154 0 0 0 0 0 0 14  4 a  E"  8 1
 QR(14,3)a 1236.607126 0.000092 0.000092 0 0 0 0 0 0 14  3 a A2'  4 1
 QR(14,1)a 1236.945559 0.000435 0.000435 0 0 0 0 0 0 14  1 a  E' 10 1
QR(16,16)a 1237.022292 0.000270 0.000270 0 0 0 0 0 0 16 16 a  E"  1 1
 QR(14,2)a 1237.063637 0.000214 0.000214 0 0 0 0 0 0 14  2 a  E"  9 1
 QR(14,0)a 1237.462351 0.000114 0.000114 0 0 0 0 0 0 14  0 a A2"  5 1
QR(15,12)a 1238.964500 0.000075 0.000075 0 0 0 0 0 0 15 12 a A2"  2 1
QR(15,11)a 1242.689426 0.000171 0.000171 0 0 0 0 0 0 15 11 a  E'  3 1
QR(16,15)a 1244.676056 0.000108 0.000108 0 0 0 0 0 0 16 15 a A2'  1 1
QR(15,10)a 1245.714620 0.000302 0.000302 0 0 0 0 0 0 15 10 a  E"  4 1
 QR(15,9)a 1248.173570 0.000120 0.000120 0 0 0 0 0 0 15  9 a A2'  3 1
 QP(14,9)s  685.037670 0.000082 0.000082 0 0 0 0 0 0 14  9 s A2"  2 1
 QP(14,8)s  686.313345 0.000175 0.000175 0 0 0 0 0 0 14  8 s  E'  5 1
 QP(14,7)s  687.471330 0.000171 0.000171 0 0 0 0 0 0 14  7 s  E"  6 1
 QP(14,6)s  688.497165 0.000107 0.000107 0 0 0 0 0 0 14  6 s A2'  3 1
 QP(14,5)s  689.377110 0.000229 0.000229 0 0 0 0 0 0 14  5 s  E"  7 1
 QP(14,4)s  690.101063 0.000501 0.000501 0 0 0 0 0 0 14  4 s  E'  8 1
 qP(14,3)s  690.656987 0.000224 0.000224 0 0 0 0 0 0 14  3 s A2"  4 1
 qP(14,1)s  691.336136 0.000359 0.000359 0 0 0 0 0 0 14  1 s  E" 10 1
QP(13,12)s  700.774461 0.000029 0.000029 0 0 0 0 0 0 13 12 s A2'  1 1
QP(13,11)s  701.959394 0.000048 0.000048 0 0 0 0 0 0 13 11 s  E"  2 1
qP(13,10)s  703.193972 0.000053 0.000053 0 0 0 0 0 0 13 10 s  E'  3 1
 qP(13,9)s  704.413743 0.000027 0.000027 0 0 0 0 0 0 13  9 s A2"  2 1
 qP(13,8)s  705.573115 0.000065 0.000065 0 0 0 0 0 0 13  8 s  E'  4 1
 qP(13,7)s  706.640189 0.000069 0.000069 0 0 0 0 0 0 13  7 s  E"  5 1
 qP(13,6)s  707.592538 0.000040 0.000040 0 0 0 0 0 0 13  6 s A2'  3 1
 QP(13,5)S  708.414835 0.000081 0.000081 0 0 0 0 0 0 13  5 s  E"  6 1
 QP(13,4)S  709.097594 0.000095 0.000095 0 0 0 0 0 0 13  4 s  E'  7 1
 QP(13,3)S  709.637621 0.000054 0.000054 0 0 0 0 0 0 13  3 s A2"  4 1
 QP(13,2)S  710.049153 0.000113 0.000113 0 0 0 0 0 0 13  2 s  E'  8 1
 QP(13,1)s  710.262354 0.000101 0.000101 0 0 0 0 0 0 13  1 s  E"  9 1
 QP(13,0)s  710.338772 0.000059 0.000059 0 0 0 0 0 0 13  0 s A2'  5 1
QP(12,11)s  721.970707 0.000026 0.000026 0 0 0 0 0 0 12 11 s  E"  1 1
QP(12,10)s  723.002427 0.000021 0.000021 0 0 0 0 0 0 12 10 s  E'  2 1
 QP(12,8)S  725.092294 0.000022 0.000022 0 0 0 0 0 0 12  8 s  E'  3 1
 QP(12,7)s  726.057353 0.000024 0.000024 0 0 0 0 0 0 12  7 s  E"  4 1
 QP(12,5)s  727.688940 0.000029 0.000029 0 0 0 0 0 0 12  5 s  E"  5 1
 QP(12,4)s  728.323004 0.000032 0.000032 0 0 0 0 0 0 12  4 s  E'  6 1
 QP(12,3)s  728.812912 0.000016 0.000016 0 0 0 0 0 0 12  3 s A2"  4 1
 QP(12,2)S  729.202925 0.000033 0.000033 0 0 0 0 0 0 12  2 s  E'  7 1
 QP(12,1)s  729.411246 0.000035 0.000035 0 0 0 0 0 0 12  1 s  E"  8 1
QQ(19,18)s  943.678622 0.000386 0.000386 0 0 0 0 0 0 19 18 s A2'  1 1
qQ(19,19)s  943.764732 0.000296 0.000296 0 0 0 0 0 0 19 19 s NaN  0 0
qQ(18,18)s  946.067902 0.000074 0.000074 0 0 0 0 0 0 18 18 s A2'  1 1
qQ(18,17)s  946.088322 0.000266 0.000266 0 0 0 0 0 0 18 17 s  E"  1 1
qQ(17,17)s  948.285305 0.000050 0.000050 0 0 0 0 0 0 17 17 s  E"  1 1
qQ(17,16)s  948.387175 0.000102 0.000102 0 0 0 0 0 0 17 16 s  E'  2 1
qQ(17,15)s  948.919060 0.000122 0.000122 0 0 0 0 0 0 17 15 s A2"  1 1
qQ(17,14)s  949.716299 0.000512 0.000512 0 0 0 0 0 0 17 14 s  E'  3 1
qQ(16,16)s  950.408606 0.000019 0.000019 0 0 0 0 0 0 16 16 s  E'  1 1
qQ(16,15)s  950.570501 0.000019 0.000019 0 0 0 0 0 0 16 15 s A2"  1 1
qQ(16,14)s  951.093385 0.000086 0.000086 0 0 0 0 0 0 16 14 s  E'  2 1
qQ(16,13)s  951.835604 0.000139 0.000139 0 0 0 0 0 0 16 13 s  E"  3 1
qQ(15,14)s  952.635253 0.000016 0.000016 0 0 0 0 0 0 15 14 s  E'  1 1
qQ(16,12)s  952.696460 0.000120 0.000120 0 0 0 0 0 0 16 12 s A2'  2 1
qQ(15,13)s  953.139399 0.000029 0.000029 0 0 0 0 0 0 15 13 s  E"  2 1
qQ(16,11)s  953.605647 0.000371 0.000371 0 0 0 0 0 0 16 11 s  E"  4 1
qQ(15,12)s  953.822345 0.000028 0.000028 0 0 0 0 0 0 15 12 s A2'  2 1
qQ(15,11)s  954.598273 0.000115 0.000115 0 0 0 0 0 0 15 11 s  E"  3 1
qQ(15,10)s  955.405641 0.000177 0.000177 0 0 0 0 0 0 15 10 s  E'  4 1
qQ(14,11)s  955.676766 0.000022 0.000022 0 0 0 0 0 0 14 11 s  E"  3 1
 qQ(15,9)s  956.202487 0.000129 0.000129 0 0 0 0 0 0 15  9 s A2"  3 1
qQ(14,10)s  956.367548 0.000037 0.000037 0 0 0 0 0 0 14 10 s  E'  4 1
 qQ(14,9)s  957.075981 0.000034 0.000034 0 0 0 0 0 0 14  9 s A2"  2 1
 qQ(14,8)s  957.765390 0.000129 0.000129 0 0 0 0 0 0 14  8 s  E'  5 1
 qQ(14,7)s  958.409008 0.000150 0.000150 0 0 0 0 0 0 14  7 s  E"  6 1
 qQ(13,8)s  958.617636 0.000028 0.000028 0 0 0 0 0 0 13  8 s  E'  4 1
 qQ(13,7)s  959.202964 0.000111 0.000111 0 0 0 0 0 0 13  7 s  E"  5 1
 qQ(13,6)s  959.739335 0.000039 0.000039 0 0 0 0 0 0 13  6 s A2'  3 1
 qQ(12,7)s  960.032457 0.000013 0.000013 0 0 0 0 0 0 12  7 s  E"  4 1
 qQ(13,5)s  960.211321 0.000132 0.000132 0 0 0 0 0 0 13  5 s  E"  6 1
 qQ(12,6)s  960.518195 0.000011 0.000011 0 0 0 0 0 0 12  6 s A2'  3 1
 qQ(13,4)s  960.607586 0.000191 0.000191 0 0 0 0 0 0 13  4 s  E'  7 1
 qQ(12,5)s  960.952024 0.000047 0.000047 0 0 0 0 0 0 12  5 s  E"  5 1
 qQ(12,3)s  961.666567 0.000062 0.000062 0 0 0 0 0 0 12  3 s A2"  4 1
 qQ(11,5)s  961.713336 0.000011 0.000011 0 0 0 0 0 0 11  5 s  E"  5 1
 qQ(12,2)s  961.857774 0.000193 0.000193 0 0 0 0 0 0 12  2 s  E'  7 1
 qQ(11,4)s  962.049643 0.000020 0.000020 0 0 0 0 0 0 11  4 s  E'  6 1
 qQ(11,3)s  962.279940 0.000020 0.000020 0 0 0 0 0 0 11  3 s A2"  3 1
 qQ(11,2)s  962.537728 0.000101 0.000101 0 0 0 0 0 0 11  2 s  E'  7 1
 qQ(11,1)s  962.648872 0.000406 0.000406 0 0 0 0 0 0 11  1 s  E"  8 1
 qQ(10,2)s  963.229760 0.000030 0.000030 0 0 0 0 0 0 10  2 s  E'  6 1
 qQ(10,1)s  963.336343 0.000103 0.000103 0 0 0 0 0 0 10  1 s  E"  7 1
  qQ(9,2)s  963.924234 0.000010 0.000010 0 0 0 0 0 0  9  2 s  E'  5 1
  qQ(9,1)s  964.022560 0.000040 0.000040 0 0 0 0 0 0  9  1 s  E"  6 1
  qQ(8,1)s  964.698481 0.000016 0.000016 0 0 0 0 0 0  8  1 s  E"  6 1
 QR(12,5)s 1212.748221 0.000014 0.000014 0 0 0 0 0 0 12  5 s  E"  5 1
 QR(12,4)s 1212.830128 0.000015 0.000015 0 0 0 0 0 0 12  4 s  E'  6 1
 QR(12,1)S 1213.007932 0.000055 0.000055 0 0 0 0 0 0 12  1 s  E"  8 1
 QR(12,2)s 1213.011271 0.000054 0.000054 0 0 0 0 0 0 12  2 s  E'  7 1
 QR(13,8)s 1230.069687 0.000029 0.000029 0 0 0 0 0 0 13  8 s  E'  4 1
QR(13,10)s 1230.095209 0.000021 0.000021 0 0 0 0 0 0 13 10 s  E'  3 1
 QR(13,7)s 1230.139965 0.000034 0.000034 0 0 0 0 0 0 13  7 s  E"  5 1
 QR(13,6)s 1230.232290 0.000020 0.000020 0 0 0 0 0 0 13  6 s A2'  3 1
QR(13,11)s 1230.267009 0.000019 0.000019 0 0 0 0 0 0 13 11 s  E"  2 1
 QR(13,5)s 1230.330171 0.000046 0.000046 0 0 0 0 0 0 13  5 s  E"  6 1
 QR(13,4)s 1230.421654 0.000049 0.000049 0 0 0 0 0 0 13  4 s  E'  7 1
 qR(13,3)s 1230.541698 0.000026 0.000026 0 0 0 0 0 0 13  3 s A2"  4 1
 qR(13,1)s 1230.613063 0.000070 0.000070 0 0 0 0 0 0 13  1 s  E"  9 1
 qR(13,0)s 1230.622768 0.000141 0.000141 0 0 0 0 0 0 13  0 s A2'  5 1
 qR(13,2)s 1230.669759 0.000058 0.000058 0 0 0 0 0 0 13  2 s  E'  8 1
QR(13,13)S 1231.240820 0.000021 0.000021 0 0 0 0 0 0 13 13 s  E"  1 1
qR(14,10)s 1247.322190 0.000062 0.000062 0 0 0 0 0 0 14 10 s  E'  4 1
 QR(14,9)S 1247.330459 0.000041 0.000041 0 0 0 0 0 0 14  9 s A2"  2 1
 qR(14,8)s 1247.396672 0.000104 0.000104 0 0 0 0 0 0 14  8 s  E'  5 1
qR(14,11)s 1247.408967 0.000053 0.000053 0 0 0 0 0 0 14 11 s  E"  3 1
 qR(14,7)s 1247.494458 0.000115 0.000115 0 0 0 0 0 0 14  7 s  E"  6 1
 qR(14,6)s 1247.604573 0.000070 0.000070 0 0 0 0 0 0 14  6 s A2'  3 1
qR(14,12)s 1247.642566 0.000023 0.000023 0 0 0 0 0 0 14 12 s A2'  1 1
 qR(14,5)s 1247.713771 0.000166 0.000166 0 0 0 0 0 0 14  5 s  E"  7 1
 qR(14,4)s 1247.811753 0.000171 0.000171 0 0 0 0 0 0 14  4 s  E'  8 1
 qR(14,3)s 1247.831959 0.000098 0.000098 0 0 0 0 0 0 14  3 s A2"  4 1
 qR(14,1)s 1248.012604 0.000220 0.000220 0 0 0 0 0 0 14  1 s  E" 10 1
qR(14,13)s 1248.094528 0.000039 0.000039 0 0 0 0 0 0 14 13 s  E"  2 1
 qR(14,2)s 1248.373562 0.000269 0.000269 0 0 0 0 0 0 14  2 s  E'  9 1
qR(14,14)s 1248.864753 0.000044 0.000044 0 0 0 0 0 0 14 14 s  E'  1 1
  qR(2,2)a  690.173890 0.000008 0.000008 0 1 0 0 0 0  2  2 a  E"  4 1
  QR(2,1)a  691.763015 0.000011 0.000011 0 1 0 0 0 0  2  1 a  E'  4 1
  QR(2,0)a  692.306143 0.000006 0.000006 0 1 0 0 0 0  2  0 a A2"  2 1
  QR(3,3)a  709.651451 0.000010 0.000010 0 1 0 0 0 0  3  3 a A2'  4 1
  QR(3,2)a  712.319915 0.000004 0.000004 0 1 0 0 0 0  3  2 a  E"  4 1
  QR(3,1)a  713.995371 0.000004 0.000004 0 1 0 0 0 0  3  1 a  E'  4 1
  QR(4,4)a  728.570494 0.000015 0.000015 0 1 0 0 0 0  4  4 a  E"  4 1
  QR(4,3)a  732.295462 0.000009 0.000009 0 1 0 0 0 0  4  3 a A2'  2 1
  QR(4,2)a  735.138391 0.000004 0.000004 0 1 0 0 0 0  4  2 a  E"  6 1
  QR(4,1)a  736.908112 0.000004 0.000004 0 1 0 0 0 0  4  1 a  E'  6 1
  QR(4,0)a  737.509252 0.000003 0.000003 0 1 0 0 0 0  4  0 a A2"  4 1
  QR(5,5)a  746.869772 0.000011 0.000011 0 1 0 0 0 0  5  5 a  E'  6 1
  QR(5,4)a  751.612766 0.000007 0.000007 0 1 0 0 0 0  5  4 a  E"  6 1
  QR(5,3)a  755.627752 0.000010 0.000010 0 1 0 0 0 0  5  3 a A2'  3 1
  QR(5,2)a  758.645742 0.000005 0.000005 0 1 0 0 0 0  5  2 a  E"  8 1
  QR(5,1)a  760.517687 0.000005 0.000005 0 1 0 0 0 0  5  1 a  E'  8 1
  QR(6,6)a  764.513488 0.000009 0.000009 0 1 0 0 0 0  6  6 a A2"  4 1
  QR(6,5)a  770.214125 0.000011 0.000011 0 1 0 0 0 0  6  5 a  E'  5 1
  QR(6,4)a  775.352469 0.000009 0.000009 0 1 0 0 0 0  6  4 a  E"  6 1
  QR(6,3)a  779.620739 0.000005 0.000005 0 1 0 0 0 0  6  3 a A2'  4 1
  QR(7,7)a  781.519319 0.000034 0.000034 0 1 0 0 0 0  7  7 a  E'  6 1
  QR(6,2)a  782.833930 0.000008 0.000008 0 1 0 0 0 0  6  2 a  E"  8 1
  QR(6,1)a  784.800063 0.000008 0.000008 0 1 0 0 0 0  6  1 a  E'  8 1
  QR(6,0)a  785.513727 0.000004 0.000004 0 1 0 0 0 0  6  0 a A2"  6 1
  QR(7,6)a  788.107551 0.000011 0.000011 0 1 0 0 0 0  7  6 a A2"  3 1
  QR(7,5)a  794.274559 0.000019 0.000019 0 1 0 0 0 0  7  5 a  E'  7 1
  QR(7,4)a  799.706225 0.000016 0.000016 0 1 0 0 0 0  7  4 a  E"  8 1
  QR(7,3)a  804.231273 0.000008 0.000008 0 1 0 0 0 0  7  3 a A2'  5 1
  QR(8,7)a  805.385251 0.000045 0.000045 0 1 0 0 0 0  8  7 a  E'  8 1
  QR(7,2)a  807.654074 0.000014 0.000014 0 1 0 0 0 0  7  2 a  E" 10 1
  QR(7,1)a  809.922816 0.000014 0.000014 0 1 0 0 0 0  7  1 a  E' 10 1
  QR(8,6)a  812.453286 0.000020 0.000020 0 1 0 0 0 0  8  6 a A2"  4 1
  QR(8,4)a  824.513073 0.000032 0.000032 0 1 0 0 0 0  8  4 a  E" 10 1
  QR(9,9)a  824.565969 0.000031 0.000031 0 1 0 0 0 0  9  9 a A2'  5 1
  QR(8,3)a  829.255019 0.000016 0.000016 0 1 0 0 0 0  8  3 a A2'  4 1
  QR(8,2)a  832.968616 0.000030 0.000030 0 1 0 0 0 0  8  2 a  E" 12 1
  QR(8,1)a  835.509364 0.000026 0.000026 0 1 0 0 0 0  8  1 a  E' 12 1
  QR(8,0)a  836.282482 0.000013 0.000013 0 1 0 0 0 0  8  0 a A2"  6 1
QR(10,10)a  840.948084 0.000105 0.000105 0 1 0 0 0 0 10 10 a  E"  8 1
  QR(9,7)a  844.942328 0.000052 0.000052 0 1 0 0 0 0  9  7 a  E'  8 1
  QR(9,6)a  852.462160 0.000019 0.000019 0 1 0 0 0 0  9  6 a A2"  5 1
 QR(10,9)a  853.071027 0.000029 0.000029 0 1 0 0 0 0 10  9 a A2'  4 1
  QR(9,2)a  858.383807 0.000047 0.000047 0 1 0 0 0 0  9  2 a  E" 12 1
  QR(9,1)a  861.453874 0.000045 0.000045 0 1 0 0 0 0  9  1 a  E' 12 1
  QR(9,3)a  865.466232 0.000033 0.000033 0 1 0 0 0 0  9  3 a A2'  7 1
QR(11,10)a  870.178045 0.000123 0.000123 0 1 0 0 0 0 11 10 a  E" 10 1
QR(12,12)a  872.993404 0.000124 0.000124 0 1 0 0 0 0 12 12 a A2"  6 1
 QR(10,6)a  878.630779 0.000037 0.000037 0 1 0 0 0 0 10  6 a A2"  6 1
 QR(11,9)a  881.329357 0.000056 0.000056 0 1 0 0 0 0 11  9 a A2'  5 1
 QR(10,5)a  883.925405 0.000095 0.000095 0 1 0 0 0 0 10  5 a  E' 11 1
 QR(10,4)a  887.647643 0.000088 0.000088 0 1 0 0 0 0 10  4 a  E" 12 1
 QR(10,0)a  889.362017 0.000054 0.000054 0 1 0 0 0 0 10  0 a A2"  8 1
 QR(10,3)a  889.737793 0.000059 0.000059 0 1 0 0 0 0 10  3 a A2'  6 1
 QR(10,2)a  890.701002 0.000137 0.000137 0 1 0 0 0 0 10  2 a  E" 14 1
 QR(10,1)a  890.715024 0.000163 0.000163 0 1 0 0 0 0 10  1 a  E' 14 1
 QR(11,8)a  890.850835 0.000120 0.000120 0 1 0 0 0 0 11  8 a  E" 11 1
 QR(11,7)a  898.818823 0.000128 0.000128 0 1 0 0 0 0 11  7 a  E' 12 1
 QR(11,6)a  905.245327 0.000080 0.000080 0 1 0 0 0 0 11  6 a A2"  5 1
 QR(12,9)a  909.650602 0.000117 0.000117 0 1 0 0 0 0 12  9 a A2'  6 1
 QR(11,5)a  910.146311 0.000192 0.000192 0 1 0 0 0 0 11  5 a  E' 13 1
 QR(11,3)a  915.931090 0.000109 0.000109 0 1 0 0 0 0 11  3 a A2'  7 1
 QR(12,6)a  932.447315 0.000230 0.000230 0 1 0 0 0 0 12  6 a A2"  8 1
 QR(12,5)a  937.146959 0.000504 0.000504 0 1 0 0 0 0 12  5 a  E' 13 1
 QP(11,6)S  710.088123 0.000492 0.000492 0 1 0 0 0 0 11  6 s A2'  6 1
 QP(11,9)S  725.579871 0.000241 0.000241 0 1 0 0 0 0 11  9 s A2"  4 1
 QP(10,2)s  725.719265 0.000386 0.000386 0 1 0 0 0 0 10  2 s  E' 13 1
 QP(10,3)s  727.006822 0.000129 0.000129 0 1 0 0 0 0 10  3 s A2"  7 1
 QP(10,4)s  728.895841 0.000204 0.000204 0 1 0 0 0 0 10  4 s  E' 12 1
 QP(10,5)s  731.498824 0.000209 0.000209 0 1 0 0 0 0 10  5 s  E" 11 1
 QP(10,6)s  734.952883 0.000099 0.000099 0 1 0 0 0 0 10  6 s A2'  5 1
 QP(10,7)s  739.437476 0.000173 0.000173 0 1 0 0 0 0 10  7 s  E" 10 1
 QP(10,8)s  745.185731 0.000286 0.000286 0 1 0 0 0 0 10  8 s  E'  9 1
  QP(9,0)s  748.394717 0.000054 0.000054 0 1 0 0 0 0  9  0 s A2'  8 1
  QP(9,1)S  748.684923 0.000109 0.000109 0 1 0 0 0 0  9  1 s  E" 11 1
  QP(9,2)S  749.529832 0.000111 0.000111 0 1 0 0 0 0  9  2 s  E' 11 1
  QP(9,3)S  750.987077 0.000055 0.000055 0 1 0 0 0 0  9  3 s A2"  6 1
 QP(10,9)s  752.494378 0.000198 0.000198 0 1 0 0 0 0 10  9 s A2"  5 1
  QP(9,4)S  753.135292 0.000097 0.000097 0 1 0 0 0 0  9  4 s  E' 10 1
  QP(9,5)S  756.077607 0.000118 0.000118 0 1 0 0 0 0  9  5 s  E"  9 1
  QP(9,6)S  759.962356 0.000050 0.000050 0 1 0 0 0 0  9  6 s A2'  6 1
  QP(9,7)S  764.984155 0.000112 0.000112 0 1 0 0 0 0  9  7 s  E"  8 1
  QP(9,8)S  771.391220 0.000159 0.000159 0 1 0 0 0 0  9  8 s  E'  7 1
  QP(8,1)S  772.439961 0.000049 0.000049 0 1 0 0 0 0  8  1 s  E" 11 1
  QP(8,2)S  773.385736 0.000048 0.000048 0 1 0 0 0 0  8  2 s  E' 11 1
  QP(8,3)S  775.015547 0.000024 0.000024 0 1 0 0 0 0  8  3 s A2"  5 1
  QP(8,4)S  777.403790 0.000050 0.000050 0 1 0 0 0 0  8  4 s  E' 10 1
  QP(8,5)S  780.669209 0.000054 0.000054 0 1 0 0 0 0  8  5 s  E"  9 1
  QP(8,6)S  784.967419 0.000029 0.000029 0 1 0 0 0 0  8  6 s A2'  3 1
  QP(8,7)S  790.502822 0.000102 0.000102 0 1 0 0 0 0  8  7 s  E"  8 1
  QP(7,0)s  795.770280 0.000013 0.000013 0 1 0 0 0 0  7  0 s A2'  6 1
  QP(7,1)S  796.117352 0.000027 0.000027 0 1 0 0 0 0  7  1 s  E"  9 1
  qP(7,2)s  797.157505 0.000027 0.000027 0 1 0 0 0 0  7  2 s  E'  9 1
  qP(7,3)s  798.944767 0.000014 0.000014 0 1 0 0 0 0  7  3 s A2"  4 1
  qP(7,4)s  801.563362 0.000030 0.000030 0 1 0 0 0 0  7  4 s  E'  8 1
  qP(7,5)s  805.132853 0.000035 0.000035 0 1 0 0 0 0  7  5 s  E"  7 1
  QP(7,6)S  809.818281 0.000027 0.000027 0 1 0 0 0 0  7  6 s A2'  4 1
  QP(6,1)S  819.591173 0.000016 0.000016 0 1 0 0 0 0  6  1 s  E"  7 1
  QP(6,2)S  820.717793 0.000017 0.000017 0 1 0 0 0 0  6  2 s  E'  7 1
  QP(6,3)S  822.651909 0.000010 0.000010 0 1 0 0 0 0  6  3 s A2"  5 1
  qP(6,4)s  825.479494 0.000022 0.000022 0 1 0 0 0 0  6  4 s  E'  6 1
  qP(6,3)s  829.327782 0.000034 0.000034 0 1 0 0 0 0  6  3 s A2"  5 1
  QP(5,0)S  842.343225 0.000006 0.000006 0 1 0 0 0 0  5  0 s A2'  4 1
  QP(5,1)S  842.740810 0.000011 0.000011 0 1 0 0 0 0  5  1 s  E"  7 1
  QP(5,2)S  843.944460 0.000012 0.000012 0 1 0 0 0 0  5  2 s  E'  7 1
  QP(5,3)S  846.008747 0.000008 0.000008 0 1 0 0 0 0  5  3 s A2"  2 1
  QP(5,4)S  849.023880 0.000022 0.000022 0 1 0 0 0 0  5  4 s  E'  5 1
  QP(4,1)S  865.454592 0.000006 0.000006 0 1 0 0 0 0  4  1 s  E"  5 1
  QP(4,2)S  866.724716 0.000007 0.000007 0 1 0 0 0 0  4  2 s  E'  5 1
  QP(4,3)S  868.901652 0.000005 0.000005 0 1 0 0 0 0  4  3 s A2"  3 1
  QP(3,0)s  887.200086 0.000003 0.000003 0 1 0 0 0 0  3  0 s A2'  3 1
  QP(3,1)S  887.633270 0.000006 0.000006 0 1 0 0 0 0  3  1 s  E"  3 1
  qP(3,2)s  888.958065 0.000008 0.000008 0 1 0 0 0 0  3  2 s  E'  3 1
  QP(2,1)S  909.192813 0.000007 0.000007 0 1 0 0 0 0  2  1 s  E"  3 1
 qQ(11,6)s  921.827274 0.000174 0.000174 0 1 0 0 0 0 11  6 s A2'  6 1
 qQ(10,5)s  924.205943 0.000190 0.000190 0 1 0 0 0 0 10  5 s  E" 11 1
  qQ(9,3)s  924.566046 0.000130 0.000130 0 1 0 0 0 0  9  3 s A2"  6 1
  qQ(9,4)s  926.753115 0.000121 0.000121 0 1 0 0 0 0  9  4 s  E' 10 1
 qQ(10,6)s  927.719583 0.000053 0.000053 0 1 0 0 0 0 10  6 s A2'  5 1
  qQ(8,3)s  929.491139 0.000047 0.000047 0 1 0 0 0 0  8  3 s A2"  5 1
  QP(1,0)s  929.607880 0.000004 0.000004 0 1 0 0 0 0  1  0 s A2'  2 1
  qQ(9,5)s  929.736289 0.000070 0.000070 0 1 0 0 0 0  9  5 s  E"  9 1
 qQ(12,9)s  929.886426 0.000119 0.000119 0 1 0 0 0 0 12  9 s A2"  7 1
 qQ(11,8)s  930.995865 0.000121 0.000121 0 1 0 0 0 0 11  8 s  E' 11 1
  qQ(8,4)s  931.904955 0.000046 0.000046 0 1 0 0 0 0  8  4 s  E' 10 1
 qQ(10,7)s  932.264439 0.000067 0.000067 0 1 0 0 0 0 10  7 s  E" 10 1
  qQ(7,2)s  932.439494 0.000095 0.000095 0 1 0 0 0 0  7  2 s  E'  9 1
  qQ(9,6)s  933.665012 0.000002 0.000002 0 1 0 0 0 0  9  6 s A2'  6 1
  qQ(7,3)s  934.241006 0.000003 0.000003 0 1 0 0 0 0  7  3 s A2"  4 1
  qQ(8,5)s  935.200579 0.000003 0.000003 0 1 0 0 0 0  8  5 s  E"  9 1
  qQ(6,1)s  935.635463 0.000020 0.000020 0 1 0 0 0 0  6  1 s  E"  7 1
  qQ(6,2)s  936.769123 0.000004 0.000004 0 1 0 0 0 0  6  2 s  E'  7 1
  qQ(7,4)s  936.879574 0.000002 0.000002 0 1 0 0 0 0  7  4 s  E'  8 1
qQ(12,10)s  937.111965 0.000013 0.000013 0 1 0 0 0 0 12 10 s  E' 10 1
 qQ(11,9)s  937.553324 0.000004 0.000004 0 1 0 0 0 0 11  9 s A2"  4 1
 qQ(10,8)s  938.068137 0.000004 0.000004 0 1 0 0 0 0 10  8 s  E'  9 1
  qQ(6,3)s  938.714431 0.000001 0.000001 0 1 0 0 0 0  6  3 s A2"  5 1
  qQ(9,7)s  938.728735 0.000002 0.000002 0 1 0 0 0 0  9  7 s  E"  8 1
  qQ(5,1)s  939.509750 0.000009 0.000009 0 1 0 0 0 0  5  1 s  E"  7 1
  qQ(8,6)s  939.529244 0.000001 0.000001 0 1 0 0 0 0  8  6 s A2'  3 1
  qQ(7,5)s  940.470182 0.000001 0.000001 0 1 0 0 0 0  7  5 s  E"  7 1
  qQ(5,2)s  940.718497 0.000002 0.000002 0 1 0 0 0 0  5  2 s  E'  7 1
  qQ(6,4)s  941.555109 0.000001 0.000001 0 1 0 0 0 0  6  4 s  E'  6 1
  qQ(5,3)s  942.790100 0.000001 0.000001 0 1 0 0 0 0  5  3 s A2"  2 1
  qQ(4,1)s  942.911049 0.000014 0.000014 0 1 0 0 0 0  4  1 s  E"  5 1
  qQ(4,2)s  944.184530 0.000001 0.000001 0 1 0 0 0 0  4  2 s  E'  5 1
  qQ(8,7)s  945.091674 0.000001 0.000001 0 1 0 0 0 0  8  7 s  E"  8 1
  qQ(9,8)s  945.169853 0.000002 0.000002 0 1 0 0 0 0  9  8 s  E'  7 1
  qQ(7,6)s  945.175672 0.000001 0.000001 0 1 0 0 0 0  7  6 s A2'  4 1
  qQ(6,5)s  945.417486 0.000002 0.000002 0 1 0 0 0 0  6  5 s  E"  5 1
  qQ(3,1)s  945.748928 0.000002 0.000002 0 1 0 0 0 0  3  1 s  E"  3 1
  qQ(5,4)s  945.814174 0.000001 0.000001 0 1 0 0 0 0  5  4 s  E'  5 1
QQ(11,10)S  945.864833 0.000004 0.000004 0 1 0 0 0 0 11 10 s  E' 10 1
  qQ(4,3)s  946.366253 0.000001 0.000001 0 1 0 0 0 0  4  3 s A2"  3 1
qQ(12,11)s  946.455597 0.000009 0.000009 0 1 0 0 0 0 12 11 s  E"  9 1
  qQ(3,2)s  947.075802 0.000001 0.000001 0 1 0 0 0 0  3  2 s  E'  3 1
qQ(13,12)s  947.303743 0.000008 0.000008 0 1 0 0 0 0 13 12 s A2'  6 1
  qQ(2,1)s  947.947355 0.000001 0.000001 0 1 0 0 0 0  2  1 s  E"  3 1
  qQ(2,2)s  949.315285 0.000001 0.000001 0 1 0 0 0 0  2  2 s  E'  3 1
  qQ(3,3)s  949.348205 0.000001 0.000001 0 1 0 0 0 0  3  3 s A2"  2 1
  qQ(1,1)s  949.447151 0.000001 0.000001 0 1 0 0 0 0  1  1 s  E"  2 1
  qQ(4,4)s  949.548159 0.000001 0.000001 0 1 0 0 0 0  4  4 s  E'  4 1
  qQ(5,5)s  949.919693 0.000001 0.000001 0 1 0 0 0 0  5  5 s  E"  5 1
  qQ(6,6)s  950.469740 0.000001 0.000001 0 1 0 0 0 0  6  6 s A2'  3 1
  qQ(7,7)s  951.207494 0.000001 0.000001 0 1 0 0 0 0  7  7 s  E"  6 1
  qQ(8,8)s  952.144550 0.000001 0.000001 0 1 0 0 0 0  8  8 s  E'  7 1
  qQ(9,9)s  953.294476 0.000001 0.000001 0 1 0 0 0 0  9  9 s A2"  4 1
qQ(10,10)s  954.674406 0.000001 0.000001 0 1 0 0 0 0 10 10 s  E'  8 1
QQ(11,11)S  956.298570 0.000002 0.000002 0 1 0 0 0 0 11 11 s  E"  9 1
QQ(12,12)S  958.196579 0.000002 0.000002 0 1 0 0 0 0 12 12 s A2'  5 1
QQ(13,13)S  960.402071 0.000009 0.000009 0 1 0 0 0 0 13 13 s  E" 10 1
  qR(1,0)s  987.742173 0.000001 0.000001 0 1 0 0 0 0  1  0 s A2'  2 1
  QR(1,1)s  988.201702 0.000001 0.000001 0 1 0 0 0 0  1  1 s  E"  2 1
  QR(2,1)S 1006.063053 0.000001 0.000001 0 1 0 0 0 0  2  1 s  E"  3 1
  QR(2,2)s 1007.433122 0.000001 0.000001 0 1 0 0 0 0  2  2 s  E'  3 1
  QR(3,0)s 1022.770370 0.000001 0.000001 0 1 0 0 0 0  3  0 s A2'  3 1
  QR(3,1)S 1023.205436 0.000001 0.000001 0 1 0 0 0 0  3  1 s  E"  3 1
  QR(3,2)S 1024.535633 0.000001 0.000001 0 1 0 0 0 0  3  2 s  E'  3 1
  QR(3,3)S 1026.813005 0.000001 0.000001 0 1 0 0 0 0  3  3 s A2"  2 1
  QR(4,1)S 1039.680185 0.000001 0.000001 0 1 0 0 0 0  4  1 s  E"  5 1
  QR(4,2)S 1040.958522 0.000001 0.000001 0 1 0 0 0 0  4  2 s  E'  5 1
  QR(4,3)S 1043.147717 0.000001 0.000001 0 1 0 0 0 0  4  3 s A2"  3 1
  QR(4,4)S 1046.338521 0.000001 0.000001 0 1 0 0 0 0  4  4 s  E'  4 1
  QR(5,0)s 1055.152487 0.000001 0.000001 0 1 0 0 0 0  5  0 s A2'  4 1
  QR(5,1)S 1055.554218 0.000001 0.000001 0 1 0 0 0 0  5  1 s  E"  7 1
  QR(5,2)S 1056.769864 0.000001 0.000001 0 1 0 0 0 0  5  2 s  E'  7 1
  QR(5,3)S 1058.852664 0.000001 0.000001 0 1 0 0 0 0  5  3 s A2"  2 1
  QR(5,4)S 1061.889838 0.000001 0.000001 0 1 0 0 0 0  5  4 s  E'  5 1
  QR(5,5)S 1066.009336 0.000001 0.000001 0 1 0 0 0 0  5  5 s  E"  5 1
  QR(6,1)S 1070.907505 0.000001 0.000001 0 1 0 0 0 0  6  1 s  E"  7 1
  QR(6,2)S 1072.050891 0.000001 0.000001 0 1 0 0 0 0  6  2 s  E'  7 1
  QR(6,3)S 1074.010737 0.000001 0.000001 0 1 0 0 0 0  6  3 s A2"  5 1
  QR(6,4)S 1076.871336 0.000001 0.000001 0 1 0 0 0 0  6  4 s  E'  6 1
  QR(6,5)S 1080.754666 0.000001 0.000001 0 1 0 0 0 0  6  5 s  E"  5 1
  QR(7,0)s 1085.475021 0.000001 0.000001 0 1 0 0 0 0  7  0 s A2'  6 1
  QR(6,6)S 1085.827182 0.000003 0.000003 0 1 0 0 0 0  6  6 s A2'  3 1
  QR(7,1)S 1085.829991 0.000004 0.000004 0 1 0 0 0 0  7  1 s  E"  9 1
  QR(7,2)S 1086.892907 0.000001 0.000001 0 1 0 0 0 0  7  2 s  E'  9 1
  QR(7,3)S 1088.716839 0.000001 0.000001 0 1 0 0 0 0  7  3 s A2"  4 1
  QR(7,4)S 1091.380552 0.000001 0.000001 0 1 0 0 0 0  7  4 s  E'  8 1
  QR(7,5)S 1095.001392 0.000002 0.000002 0 1 0 0 0 0  7  5 s  E"  7 1
  QR(7,6)S 1099.737581 0.000001 0.000001 0 1 0 0 0 0  7  6 s A2'  4 1
  QR(8,1)S 1100.417934 0.000003 0.000003 0 1 0 0 0 0  8  1 s  E" 11 1
  QR(8,2)S 1101.393898 0.000003 0.000003 0 1 0 0 0 0  8  2 s  E' 11 1
  QR(8,3)S 1103.070194 0.000001 0.000001 0 1 0 0 0 0  8  3 s A2"  5 1
  QR(8,4)S 1105.522193 0.000002 0.000002 0 1 0 0 0 0  8  4 s  E' 10 1
  QR(7,7)S 1105.796327 0.000003 0.000003 0 1 0 0 0 0  7  7 s  E"  6 1
  QR(8,5)S 1108.859423 0.000002 0.000002 0 1 0 0 0 0  8  5 s  E"  9 1
  QR(8,6)S 1113.232036 0.000001 0.000001 0 1 0 0 0 0  8  6 s A2'  3 1
  QR(9,0)s 1114.468002 0.000003 0.000003 0 1 0 0 0 0  9  0 s A2'  8 1
  QR(9,1)S 1114.771285 0.000005 0.000005 0 1 0 0 0 0  9  1 s  E" 11 1
  QR(9,2)S 1115.654936 0.000005 0.000005 0 1 0 0 0 0  9  2 s  E' 11 1
  QR(9,3)S 1117.176450 0.000003 0.000003 0 1 0 0 0 0  9  3 s A2"  6 1
  QR(8,7)S 1118.836201 0.000003 0.000003 0 1 0 0 0 0  8  7 s  E"  8 1
  QR(9,4)S 1119.404871 0.000005 0.000005 0 1 0 0 0 0  9  4 s  E' 10 1
  QR(9,5)S 1122.443017 0.000005 0.000005 0 1 0 0 0 0  9  5 s  E"  9 1
  QR(8,8)S 1118.836201 0.000003 0.000003 0 1 0 0 0 0  8  8 s  E'  7 1
  QR(9,6)S 1126.431792 0.000002 0.000002 0 1 0 0 0 0  9  6 s A2'  6 1
 QR(10,1)s 1128.989137 0.000013 0.000013 0 1 0 0 0 0 10  1 s  E" 13 1
 QR(10,2)s 1129.776736 0.000013 0.000013 0 1 0 0 0 0 10  2 s  E' 13 1
 QR(10,3)s 1131.139102 0.000006 0.000006 0 1 0 0 0 0 10  3 s A2"  7 1
  QR(9,7)S 1131.555782 0.000005 0.000005 0 1 0 0 0 0  9  7 s  E"  8 1
 QR(10,4)s 1133.136619 0.000014 0.000014 0 1 0 0 0 0 10  4 s  E' 12 1
 QR(10,5)s 1135.866206 0.000012 0.000012 0 1 0 0 0 0 10  5 s  E" 11 1
  QR(9,8)S 1138.051771 0.000005 0.000005 0 1 0 0 0 0  9  8 s  E'  7 1
 QR(10,6)s 1139.458876 0.000006 0.000006 0 1 0 0 0 0 10  6 s A2'  5 1
 QR(11,0)s 1142.914228 0.000019 0.000019 0 1 0 0 0 0 11  0 s A2'  8 1
 QR(10,7)s 1144.086796 0.000010 0.000010 0 1 0 0 0 0 10  7 s  E" 10 1
 QR(11,3)S 1145.054603 0.000015 0.000015 0 1 0 0 0 0 11  3 s A2"  6 1
  QR(9,9)S 1146.218079 0.000004 0.000004 0 1 0 0 0 0  9  9 s A2"  4 1
 QR(10,8)s 1149.970958 0.000010 0.000010 0 1 0 0 0 0 10  8 s  E'  9 1
 QR(11,6)S 1152.433842 0.000010 0.000010 0 1 0 0 0 0 11  6 s A2'  6 1
 QR(11,7)S 1156.564717 0.000059 0.000059 0 1 0 0 0 0 11  7 s  E" 12 1
 QR(10,9)s 1157.391155 0.000004 0.000004 0 1 0 0 0 0 10  9 s A2"  5 1
 QR(11,8)S 1161.827639 0.000020 0.000020 0 1 0 0 0 0 11  8 s  E' 11 1
QR(10,10)s 1166.710893 0.000017 0.000017 0 1 0 0 0 0 10 10 s  E'  8 1
 QR(11,9)S 1168.504894 0.000010 0.000010 0 1 0 0 0 0 11  9 s A2"  4 1
QR(11,10)s 1176.783247 0.000018 0.000018 0 1 0 0 0 0 11 10 s  E' 10 1
  PQ(6,4)a  686.483710 0.000235 0.000235 0 1 0 0 0 0  6  4 a  E"  6 1
  PQ(6,5)a  688.443851 0.000216 0.000216 0 1 0 0 0 0  6  5 a  E'  5 1
  PQ(7,3)a  689.250779 0.000203 0.000203 0 1 0 0 0 0  7  3 a A2'  5 1
  PQ(6,6)a  690.177528 0.000526 0.000526 0 1 0 0 0 0  6  6 a A2"  4 1
  PQ(7,6)a  694.219736 0.000148 0.000148 0 1 0 0 0 0  7  6 a A2"  3 1
  PR(1,1)a  694.467574 0.000152 0.000152 0 1 0 0 0 0  1  1 a  E'  2 1
  PQ(8,6)a  698.939503 0.000243 0.000243 0 1 0 0 0 0  8  6 a A2"  4 1
  PR(1,1)a  704.595358 0.000149 0.000149 0 1 0 0 0 0  1  1 a  E'  2 1
  PR(2,2)a  710.322216 0.000072 0.000072 0 1 0 0 0 0  2  2 a  E"  4 1
  PR(2,1)a  715.916691 0.000083 0.000083 0 1 0 0 0 0  2  1 a  E'  4 1
  PR(2,0)a  724.014362 0.000019 0.000019 0 1 0 0 0 0  2  0 a A2"  2 1
  RR(3,3)a  726.250939 0.000027 0.000027 0 1 0 0 0 0  3  3 a A2'  4 1
  PR(2,1)a  726.631919 0.000071 0.000071 0 1 0 0 0 0  2  1 a  E'  4 1
  PR(2,2)a  730.268092 0.000200 0.000200 0 1 0 0 0 0  2  2 a  E"  4 1
  PR(3,2)a  732.530959 0.000049 0.000049 0 1 0 0 0 0  3  2 a  E"  4 1
  PR(3,1)a  737.488374 0.000089 0.000089 0 1 0 0 0 0  3  1 a  E'  4 1
  PR(4,4)a  742.296689 0.000039 0.000039 0 1 0 0 0 0  4  4 a  E"  4 1
  PR(4,3)a  749.256511 0.000017 0.000017 0 1 0 0 0 0  4  3 a A2'  2 1
  PR(3,1)a  749.654478 0.000042 0.000042 0 1 0 0 0 0  3  1 a  E'  4 1
  PR(3,2)a  752.791867 0.000096 0.000096 0 1 0 0 0 0  3  2 a  E"  4 1
  PR(4,2)a  754.893586 0.000042 0.000042 0 1 0 0 0 0  4  2 a  E"  6 1
  PR(3,3)a  755.873778 0.000139 0.000139 0 1 0 0 0 0  3  3 a A2'  4 1
  RR(5,5)a  758.494328 0.000033 0.000033 0 1 0 0 0 0  5  5 a  E'  6 1
  PR(4,1)a  759.045124 0.000112 0.000112 0 1 0 0 0 0  4  1 a  E'  6 1
  PR(5,4)a  766.180044 0.000027 0.000027 0 1 0 0 0 0  5  4 a  E"  6 1
  RR(5,3)a  772.397166 0.000015 0.000015 0 1 0 0 0 0  5  3 a A2'  3 1
  PR(4,0)a  772.494903 0.000014 0.000014 0 1 0 0 0 0  4  0 a A2"  4 1
  PR(4,1)a  773.685368 0.000034 0.000034 0 1 0 0 0 0  4  1 a  E'  6 1
  RR(6,6)a  774.875035 0.000016 0.000016 0 1 0 0 0 0  6  6 a A2"  4 1
  PR(4,2)a  776.176516 0.000059 0.000059 0 1 0 0 0 0  4  2 a  E"  6 1
  PR(5,2)a  777.257159 0.000044 0.000044 0 1 0 0 0 0  5  2 a  E"  8 1
  PR(4,3)a  778.802708 0.000067 0.000067 0 1 0 0 0 0  4  3 a A2'  2 1
  RR(5,1)a  780.557380 0.000145 0.000145 0 1 0 0 0 0  5  1 a  E'  8 1
  RR(6,5)a  783.345198 0.000025 0.000025 0 1 0 0 0 0  6  5 a  E'  5 1
  RR(6,4)a  790.159163 0.000027 0.000027 0 1 0 0 0 0  6  4 a  E"  6 1
  RR(7,7)a  791.414928 0.000034 0.000034 0 1 0 0 0 0  7  7 a  E'  6 1
  RR(6,3)a  795.539755 0.000019 0.000019 0 1 0 0 0 0  6  3 a A2'  4 1
  PR(5,1)a  798.640569 0.000036 0.000036 0 1 0 0 0 0  5  1 a  E'  8 1
  RR(6,2)a  799.546302 0.000067 0.000067 0 1 0 0 0 0  6  2 a  E"  8 1
  PR(5,2)a  800.459043 0.000053 0.000053 0 1 0 0 0 0  5  2 a  E"  8 1
  RR(7,6)a  800.733010 0.000014 0.000014 0 1 0 0 0 0  7  6 a A2"  3 1
  RR(6,1)a  802.041902 0.000214 0.000214 0 1 0 0 0 0  6  1 a  E'  8 1
  PR(5,3)a  802.638877 0.000046 0.000046 0 1 0 0 0 0  5  3 a A2'  3 1
  PR(5,4)a  804.798139 0.000185 0.000185 0 1 0 0 0 0  5  4 a  E"  6 1
  RR(7,5)a  808.234985 0.000028 0.000028 0 1 0 0 0 0  7  5 a  E'  7 1
  RR(9,9)a  814.013035 0.000101 0.000101 0 1 0 0 0 0  9  9 a A2'  5 1
  RR(7,4)a  814.179608 0.000033 0.000033 0 1 0 0 0 0  7  4 a  E"  8 1
  RR(8,7)a  818.242385 0.000036 0.000036 0 1 0 0 0 0  8  7 a  E'  8 1
  RR(7,3)a  818.686401 0.000024 0.000024 0 1 0 0 0 0  7  3 a A2'  5 1
  RR(7,2)a  821.768971 0.000089 0.000089 0 1 0 0 0 0  7  2 a  E" 10 1
  RR(6,0)a  823.945633 0.000020 0.000020 0 1 0 0 0 0  6  0 a A2"  6 1
  PR(6,1)a  824.396700 0.000044 0.000044 0 1 0 0 0 0  6  1 a  E'  8 1
  PR(6,2)a  825.612459 0.000057 0.000057 0 1 0 0 0 0  6  2 a  E"  8 1
  RR(8,6)a  826.549535 0.000018 0.000018 0 1 0 0 0 0  8  6 a A2"  4 1
  PR(6,3)a  826.900654 0.000048 0.000048 0 1 0 0 0 0  6  3 a A2'  4 1
  PR(6,4)a  828.888983 0.000196 0.000196 0 1 0 0 0 0  6  4 a  E"  6 1
RR(10,10)a  829.730555 0.000607 0.000607 0 1 0 0 0 0 10 10 a  E"  8 1
  RR(9,7)a  830.039564 0.000089 0.000089 0 1 0 0 0 0  9  7 a  E'  8 1
  RR(9,6)a  837.269720 0.000045 0.000045 0 1 0 0 0 0  9  6 a A2"  5 1
 RR(10,9)a  838.626241 0.000103 0.000103 0 1 0 0 0 0 10  9 a A2'  4 1
  RR(9,4)a  849.482820 0.000105 0.000105 0 1 0 0 0 0  9  4 a  E" 10 1
  PR(7,1)a  850.836478 0.000042 0.000042 0 1 0 0 0 0  7  1 a  E' 10 1
  PR(7,2)a  851.557756 0.000052 0.000052 0 1 0 0 0 0  7  2 a  E" 10 1
  PR(7,3)a  852.586684 0.000004 0.000004 0 1 0 0 0 0  7  3 a A2'  5 1
  PR(7,4)a  853.686675 0.000010 0.000010 0 1 0 0 0 0  7  4 a  E"  8 1
  RR(9,3)a  854.396331 0.000003 0.000003 0 1 0 0 0 0  9  3 a A2'  7 1
  PR(7,5)a  855.076874 0.000021 0.000021 0 1 0 0 0 0  7  5 a  E'  7 1
 RR(10,7)a  855.106313 0.000023 0.000023 0 1 0 0 0 0 10  7 a  E' 10 1
  PR(7,6)a  856.461149 0.000030 0.000030 0 1 0 0 0 0  7  6 a A2"  3 1
 RR(10,6)a  862.255542 0.000009 0.000009 0 1 0 0 0 0 10  6 a A2"  6 1
 RR(11,9)a  864.035925 0.000020 0.000020 0 1 0 0 0 0 11  9 a A2'  5 1
 RR(10,5)a  868.612563 0.000017 0.000017 0 1 0 0 0 0 10  5 a  E' 11 1
 RR(10,4)a  874.177716 0.000021 0.000021 0 1 0 0 0 0 10  4 a  E" 12 1
  RR(8,0)a  877.760175 0.000003 0.000003 0 1 0 0 0 0  8  0 a A2"  6 1
  PR(8,1)a  877.860154 0.000007 0.000007 0 1 0 0 0 0  8  1 a  E' 12 1
 RR(10,3)a  878.951187 0.000012 0.000012 0 1 0 0 0 0 10  3 a A2'  6 1
  PR(8,4)a  879.163696 0.000019 0.000019 0 1 0 0 0 0  8  4 a  E" 10 1
  PR(8,3)a  880.416402 0.000010 0.000010 0 1 0 0 0 0  8  3 a A2'  4 1
  PR(8,6)a  881.147304 0.000019 0.000019 0 1 0 0 0 0  8  6 a A2"  4 1
  PR(9,3)a  905.476415 0.000008 0.000008 0 1 0 0 0 0  9  3 a A2'  7 1
 RR(10,0)a  933.419920 0.000015 0.000015 0 1 0 0 0 0 10  0 a A2"  8 1
 PR(10,3)a  933.459364 0.000025 0.000025 0 1 0 0 0 0 10  3 a A2'  6 1
  QP(5,1)a  808.855115 0.000341 0.000341 0 0 0 1 0 1  5  1 a  E' 16 2
  QP(5,2)a  813.158688 0.000300 0.000300 0 0 0 1 0 1  5  2 a A2"  6 2
  QP(4,2)a  832.768051 0.000225 0.000225 0 0 0 1 0 1  4  2 a A2"  7 2
  QP(4,1)a  834.296317 0.000184 0.000184 0 0 0 1 0 1  4  1 a  E' 13 2
  QP(3,1)a  849.957121 0.000164 0.000164 0 0 0 1 0 1  3  1 a  E'  9 2
  QP(3,2)a  852.543884 0.000136 0.000136 0 0 0 1 0 1  3  2 a A2"  4 2
  QP(2,1)a  872.668144 0.000211 0.000211 0 0 0 1 0 1  2  1 a  E'  7 2
  QQ(7,7)a  901.001031 0.000111 0.000111 0 0 0 1 0 1  7  7 a  E' 11 2
  QQ(6,6)a  904.136150 0.000150 0.000150 0 0 0 1 0 1  6  6 a  E"  9 2
  QQ(5,5)a  906.731071 0.000108 0.000108 0 0 0 1 0 1  5  5 a A2'  5 2
  QQ(8,8)a  908.290067 0.000096 0.000096 0 0 0 1 0 1  8  8 a A2"  7 2
  QQ(4,4)a  908.829432 0.000048 0.000048 0 0 0 1 0 1  4  4 a  E"  7 2
  QQ(7,7)a  909.945051 0.000125 0.000125 0 0 0 1 0 1  7  7 a  E' 11 2
  QQ(5,4)a  910.114236 0.000094 0.000094 0 0 0 1 0 1  5  4 a  E" 11 2
  QQ(3,3)a  910.485453 0.000103 0.000103 0 0 0 1 0 1  3  3 a  E'  6 2
  QQ(9,8)a  910.841886 0.000218 0.000218 0 0 0 1 0 1  9  8 a A2"  8 2
  QQ(6,6)a  911.298341 0.000100 0.000100 0 0 0 1 0 1  6  6 a  E"  9 2
  QQ(6,4)a  911.668922 0.000225 0.000225 0 0 0 1 0 1  6  4 a  E" 13 2
  QQ(2,2)a  911.746606 0.000121 0.000121 0 0 0 1 0 1  2  2 a A2"  3 2
  QQ(1,1)a  911.925922 0.000126 0.000126 0 0 0 1 0 1  1  1 a  E'  3 2
  QQ(4,3)a  912.328688 0.000174 0.000174 0 0 0 1 0 1  4  3 a  E' 10 2
  QQ(5,5)a  912.350869 0.000044 0.000044 0 0 0 1 0 1  5  5 a A2'  5 2
  QQ(4,4)a  913.105446 0.000084 0.000084 0 0 0 1 0 1  4  4 a  E"  7 2
  QQ(7,6)a  913.127105 0.000283 0.000283 0 0 0 1 0 1  7  6 a  E" 13 2
  QQ(3,3)a  913.562078 0.000075 0.000075 0 0 0 1 0 1  3  3 a  E'  6 2
  QQ(1,1)a  913.584709 0.000093 0.000093 0 0 0 1 0 1  1  1 a  E'  3 2
  QQ(2,2)a  913.720871 0.000056 0.000056 0 0 0 1 0 1  2  2 a A2"  3 2
  QQ(6,5)a  913.856409 0.000093 0.000093 0 0 0 1 0 1  6  5 a A2'  6 2
  QQ(3,2)a  914.378975 0.000110 0.000110 0 0 0 1 0 1  3  2 a A2"  4 2
  QQ(4,3)a  914.481055 0.000133 0.000133 0 0 0 1 0 1  4  3 a  E' 10 2
  QQ(4,2)a  915.115826 0.000220 0.000220 0 0 0 1 0 1  4  2 a A2"  7 2
  QR(1,1)a  954.123402 0.000098 0.000098 0 0 0 1 0 1  1  1 a  E'  3 2
  QR(1,0)a  954.585037 0.000194 0.000194 0 0 0 1 0 1  1  0 a  E"  5 1
  QR(2,1)a  974.370045 0.000079 0.000079 0 0 0 1 0 1  2  1 a  E'  7 2
  QR(2,0)a  975.515417 0.000121 0.000121 0 0 0 1 0 1  2  0 a  E"  8 1
  QR(2,2)a  975.555964 0.000105 0.000105 0 0 0 1 0 1  2  2 a A2"  3 2
  QR(2,1)a  975.807770 0.000125 0.000125 0 0 0 1 0 1  2  1 a  E'  7 2
  QR(3,3)a  993.832103 0.000336 0.000336 0 0 0 1 0 1  3  3 a  E'  6 2
  QR(3,2)a  993.960139 0.000151 0.000151 0 0 0 1 0 1  3  2 a A2"  4 2
  QR(3,1)a  995.542087 0.000070 0.000070 0 0 0 1 0 1  3  1 a  E'  9 2
  QR(3,0)a  996.436877 0.000120 0.000120 0 0 0 1 0 1  3  0 a  E" 10 1
  QR(3,2)a  996.726860 0.000077 0.000077 0 0 0 1 0 1  3  2 a A2"  4 2
  QR(3,1)a  996.852378 0.000121 0.000121 0 0 0 1 0 1  3  1 a  E'  9 2
  QR(4,4)a 1012.147873 0.000220 0.000220 0 0 0 1 0 1  4  4 a  E"  7 2
  QR(4,2)a 1014.825484 0.000187 0.000187 0 0 0 1 0 1  4  2 a A2"  7 2
  QR(4,1)a 1016.747190 0.000092 0.000092 0 0 0 1 0 1  4  1 a  E' 13 2
  QR(4,0)a 1017.211088 0.000179 0.000179 0 0 0 1 0 1  4  0 a  E" 13 1
  QR(4,3)a 1017.308422 0.000182 0.000182 0 0 0 1 0 1  4  3 a  E' 10 2
  QR(4,1)a 1017.833738 0.000187 0.000187 0 0 0 1 0 1  4  1 a  E' 13 2
  QR(4,2)a 1017.868494 0.000101 0.000101 0 0 0 1 0 1  4  2 a A2"  7 2
  QR(5,4)a 1033.470060 0.000146 0.000146 0 0 0 1 0 1  5  4 a  E" 11 2
  QR(5,5)a 1035.868309 0.000185 0.000185 0 0 0 1 0 1  5  5 a A2'  5 2
  QR(5,1)a 1036.492768 0.000134 0.000134 0 0 0 1 0 1  5  1 a  E' 16 2
  QR(5,2)a 1039.006387 0.000125 0.000125 0 0 0 1 0 1  5  2 a A2"  6 2
  QR(6,4)a 1054.841363 0.000231 0.000231 0 0 0 1 0 1  6  4 a  E" 13 2
  QR(6,5)a 1057.537354 0.000205 0.000205 0 0 0 1 0 1  6  5 a A2'  6 2
  QR(6,1)a 1059.510707 0.000194 0.000194 0 0 0 1 0 1  6  1 a A2'  9 2
  QR(6,2)a 1059.711056 0.000184 0.000184 0 0 0 1 0 1  6  2 a A2" 10 2
  QP(5,2)S  857.260297 0.000180 0.000180 0 0 0 1 0 1  5  2 s A2'  8 2
  QP(5,1)S  858.452124 0.000165 0.000165 0 0 0 1 0 1  5  1 s  E" 16 2
  QP(4,1)S  876.498087 0.000114 0.000114 0 0 0 1 0 1  4  1 s  E" 12 2
  QP(4,2)S  878.003201 0.000159 0.000159 0 0 0 1 0 1  4  2 s A2'  4 2
  QP(3,2)S  898.631566 0.000162 0.000162 0 0 0 1 0 1  3  2 s A2'  6 2
  QP(3,1)S  899.252473 0.000135 0.000135 0 0 0 1 0 1  3  1 s  E"  9 2
  QP(2,1)S  918.362122 0.000160 0.000160 0 0 0 1 0 1  2  1 s  E"  7 2
  QQ(9,9)S  953.776312 0.000214 0.000214 0 0 0 1 0 1  9  9 s  E" 13 2
  qQ(8,7)s  954.485395 0.000190 0.000190 0 0 0 1 0 1  8  7 s  E" 15 2
  qQ(8,8)s  955.595190 0.000118 0.000118 0 0 0 1 0 1  8  8 s A2'  5 2
  qQ(7,7)s  955.944105 0.000088 0.000088 0 0 0 1 0 1  7  7 s  E" 12 2
  QQ(7,7)S  956.508401 0.000143 0.000143 0 0 0 1 0 1  7  7 s  E" 12 2
  qQ(6,5)s  956.796250 0.000110 0.000110 0 0 0 1 0 1  6  5 s A2"  7 2
  qQ(6,6)s  956.859464 0.000134 0.000134 0 0 0 1 0 1  6  6 s  E'  9 2
  qQ(6,6)s  957.285248 0.000098 0.000098 0 0 0 1 0 1  6  6 s  E'  9 2
  qQ(5,4)s  957.499623 0.000089 0.000089 0 0 0 1 0 1  5  4 s  E' 11 2
  qQ(5,5)s  957.659494 0.000109 0.000109 0 0 0 1 0 1  5  5 s A2"  3 2
  qQ(4,4)s  957.827269 0.000117 0.000117 0 0 0 1 0 1  4  4 s  E'  8 2
  qQ(5,5)s  957.883395 0.000054 0.000054 0 0 0 1 0 1  5  5 s A2"  3 2
  qQ(4,3)s  958.259890 0.000174 0.000174 0 0 0 1 0 1  4  3 s  E"  8 2
  qQ(4,4)s  958.340748 0.000049 0.000049 0 0 0 1 0 1  4  4 s  E'  8 2
  qQ(4,2)s  958.844830 0.000182 0.000182 0 0 0 1 0 1  4  2 s A2'  4 2
  qQ(3,3)s  958.903456 0.000100 0.000100 0 0 0 1 0 1  3  3 s  E"  5 2
  qQ(3,2)s  959.279130 0.000123 0.000123 0 0 0 1 0 1  3  2 s A2'  6 2
  qQ(2,2)s  959.342942 0.000140 0.000140 0 0 0 1 0 1  2  2 s A2'  1 2
  qQ(3,3)s  959.494012 0.000098 0.000098 0 0 0 1 0 1  3  3 s  E"  5 2
  qQ(2,2)s  959.629244 0.000057 0.000057 0 0 0 1 0 1  2  2 s A2'  1 2
  qQ(1,1)s  960.238306 0.000118 0.000118 0 0 0 1 0 1  1  1 s  E"  4 2
  qR(1,1)s  999.487531 0.000147 0.000147 0 0 0 1 0 1  1  1 s  E"  4 2
  qR(1,0)s 1000.145480 0.000189 0.000189 0 0 0 1 0 1  1  0 s  E'  4 1
  qR(2,0)s 1020.133272 0.000174 0.000174 0 0 0 1 0 1  2  0 s  E'  8 1
  qR(2,1)s 1020.141325 0.000239 0.000239 0 0 0 1 0 1  2  1 s  E"  7 2
  qR(2,2)s 1020.276756 0.000121 0.000121 0 0 0 1 0 1  2  2 s A2'  1 2
  qR(2,1)s 1020.706088 0.000076 0.000076 0 0 0 1 0 1  2  1 s  E"  7 2
  qR(3,1)s 1038.443298 0.000081 0.000081 0 0 0 1 0 1  3  1 s  E"  9 2
  qR(3,2)s 1039.088451 0.000201 0.000201 0 0 0 1 0 1  3  2 s A2'  6 2
  qR(3,1)s 1039.955035 0.000170 0.000170 0 0 0 1 0 1  3  1 s  E"  9 2
  qR(3,0)s 1040.023149 0.000136 0.000136 0 0 0 1 0 1  3  0 s  E' 10 1
  qR(3,2)s 1040.120748 0.000100 0.000100 0 0 0 1 0 1  3  2 s A2'  6 2
  qR(4,2)s 1058.181125 0.000248 0.000248 0 0 0 1 0 1  4  2 s A2'  4 2
  qR(4,4)s 1058.940682 0.000159 0.000159 0 0 0 1 0 1  4  4 s  E'  8 2
  qR(4,1)s 1059.631082 0.000233 0.000233 0 0 0 1 0 1  4  1 s  E" 12 2
  qR(4,0)s 1059.776151 0.000240 0.000240 0 0 0 1 0 1  4  0 s  E' 14 1
  qR(4,2)s 1059.853917 0.000098 0.000098 0 0 0 1 0 1  4  2 s A2'  4 2
  qR(4,1)s 1060.230915 0.000090 0.000090 0 0 0 1 0 1  4  1 s  E" 12 2
  qR(5,1)s 1076.597537 0.000131 0.000131 0 0 0 1 0 1  5  1 s  E" 16 2
  qR(5,4)s 1077.859646 0.000198 0.000198 0 0 0 1 0 1  5  4 s  E' 11 2
  qR(5,5)s 1078.553761 0.000265 0.000265 0 0 0 1 0 1  5  5 s A2"  3 2
  qR(5,2)s 1079.429437 0.000150 0.000150 0 0 0 1 0 1  5  2 s A2'  8 2
  qR(6,4)s 1096.447987 0.000201 0.000201 0 0 0 1 0 1  6  4 s  E' 13 2
  qR(6,5)s 1097.508834 0.000299 0.000299 0 0 0 1 0 1  6  5 s A2"  7 2
  qR(6,1)s 1098.844576 0.000221 0.000221 0 0 0 1 0 1  6  1 s  E" 18 2
  qR(6,2)s 1098.922136 0.000168 0.000168 0 0 0 1 0 1  6  2 s A2'  8 2