 963.336343 0.000103 0.000103 0 1 0 0 0 0 10 1 a  E' 14 0 0 0 0 0 0 10 1 s  E" 7 25CoHaBeDe.618   0.000294 1
 690.173890 0.000008 0.000008 0 1 0 0 0 0  3 2 s  E'  3 0 0 0 0 0 0  2 2 a  E" 1 25CoHaBeDe.619 301.516614 1
 691.763015 0.000011 0.000011 0 1 0 0 0 0  3 1 s  E"  3 0 0 0 0 0 0  2 1 a  E' 2 25CoHaBeDe.620 300.687253 1
 746.869772 0.000011 0.000011 0 2 0 0 0 0  6 5 s  E" 10 0 1 0 0 0 0  5 5 a  E' 6 25CoHaBeDe.621   0.000142 1
 751.612766 0.000007 0.000007 0 2 0 0 0 0  6 4 s  E' 11 0 1 0 0 0 0  5 4 a  E" 6 25CoHaBeDe.622   0.000064 1
 755.627752 0.000010 0.000010 0 2 0 0 0 0  6 3 s A2"  8 0 1 0 0 0 0  5 3 a A2' 3 25CoHaBeDe.623   0.000003 1
 758.645742 0.000005 0.000005 0 2 0 0 0 0  6 2 s  E' 14 0 1 0 0 0 0  5 2 a  E" 8 25CoHaBeDe.624   0.000072 1
 760.517687 0.000005 0.000005 0 2 0 0 0 0  6 1 s  E" 15 0 1 0 0 0 0  5 1 a  E' 8 25CoHaBeDe.625   0.000082 1
 770.214125 0.000011 0.000011 0 2 0 0 0 0  7 5 s  E" 14 0 1 0 0 0 0  6 5 a  E' 5 25CoHaBeDe.626   0.000157 1
 905.245327 0.000080 0.000080 0 2 0 0 0 0 12 6 s A2' 14 0 1 0 0 0 0 11 6 a A2" 5 25CoHaBeDe.627   0.000061 1
 829.327782 0.000034 0.000034 0 2 0 0 0 0  5 3 a A2' 10 0 1 0 0 0 0  6 3 s A2" 5 25CoHaBeDe.628   6.676002 1
1118.836201 0.000003 0.000003 0 2 0 0 0 0  9 8 a  E" 27 0 1 0 0 0 0  8 8 s  E' 7 25CoHaBeDe.629   7.087389 1
 808.855115 0.000341 0.000341 0 2 0 0 0 0  4 1 s  E"  9 0 1 0 0 0 0  5 1 a  E' 8 25CoHaBeDe.630 272.374656 1
 813.158688 0.000300 0.000300 0 2 0 0 0 0  4 2 s  E'  9 0 1 0 0 0 0  5 2 a  E" 8 25CoHaBeDe.631 278.420647 1